10
11
12
122
127
128
13
130
131
132
132 bis
133
134
135
136
137
13 Bis
14
143
14 Bis
15
15 Bis
16
17
18
18 Bis
19
19 Bis
2
20
20 bis
20 Bis
21
22
22 bis
23
24
27
28
29
3
30
31
5
5 Bis
6
630
631
632
633
634
635
636
637
638
639
640
641
642
642 Bis
643
644
645
646
648
649
650
651
652
653
654
655
655 bis
656
657
658
659
660
661
662
663
664
665
666
667
668
669
670
671
694
695
696
696 Bis
697
698
699
6 Bis
7
704
706
707
7 Bis
8
8 Bis
9
9 Bis
Arroyo Caja Bavilla
Arroyo Pescado
Avenida 137
Avenida 7
Diagonal 631
La Plata - Pipinas
Rotonda 8 y 635

