155 Bis
156
157
158
159
160
161
162
164
164 Bis
165
166
168
169
170
170 Bis
171
171 Bis
172
177
178
179
182
183
183 Bis
184
184 Bis
185
186
187
187 Bis
189
189 Bis
190
190 Bis
191 Bis
192
193
194
195
195 Bis
196
197
198
199
200
201
202
202 Bis
203
204
204 Bis
205
205 Bis
206
33
33 Bis
34
34 Bis
35
36
36 Bis
37
37 Bis
38
39
40
40 Bis
41
41 Bis
42
42 Bis
43
43 Bis
44
44 Bis
45
45 Bis
46
46 Bis
47
48
49
49 Bis
50
51
52
52 Bis
54
55
56
60
612
66
84
Avenida 197
Avenida 44
Chicana
Rotonda 35 y 184
Rotonda 37 y 184
Ruta Provincial 36

